# TARGET 38251
# Using neural net overrep-3617-IDaa13-7-10-11-10-11-7-7-ebghtl-seeded3-stride-trained.net
# This is a 4-layer network, with 
#	window	units
#	    7	   10
#	   11	   10
#	   11	    7
#	    7	    6 (1 EBGHTL )
# The input amino acid frequencies were determined from
# alignment /work/robetta/SERVER_FRAGMENT_PICKER/jobs/38251/t000_.uniqueseq.a2m
# with weighted counts, using EntropyWeight(1.4 bits/column, 10)
# The weighting was determined by the posterior distribution
# after regularizing with recode3.20comp.
# Counts were regularized to probabilities using
# recode3.20comp
# Total sequence weight for alignment was 3.63947
#
Pos	AA	E	H	L
10N	1S	5N	5N	5N
       0	L	   0.013	   0.041	   0.947
       1	R	   0.073	   0.144	   0.783
       2	L	   0.146	   0.282	   0.572
       3	E	   0.155	   0.419	   0.425
       4	V	     0.1	   0.532	   0.368
       5	K	    0.11	   0.545	   0.345
       6	L	   0.063	   0.373	   0.563
       7	G	    0.04	   0.144	   0.815
       8	Q	   0.063	   0.196	   0.741
       9	G	   0.109	   0.199	   0.692
      10	C	   0.182	   0.252	   0.565
      11	F	   0.177	   0.354	   0.469
      12	G	   0.214	   0.386	   0.399
      13	E	   0.252	   0.403	   0.344
      14	V	   0.312	   0.434	   0.254
      15	W	    0.49	    0.29	    0.22
      16	M	   0.469	   0.316	   0.215
      17	G	   0.488	    0.24	   0.271
      18	T	   0.571	   0.156	   0.273
      19	W	   0.473	   0.148	    0.38
      20	N	   0.209	   0.076	   0.714
      21	G	    0.07	   0.045	   0.885
      22	T	   0.094	    0.04	   0.867
      23	T	    0.43	   0.025	   0.545
      24	R	   0.829	   0.017	   0.153
      25	V	   0.941	   0.016	   0.042
      26	A	   0.958	   0.014	   0.028
      27	I	   0.911	    0.03	   0.059
      28	K	   0.859	   0.019	   0.121
      29	T	    0.69	   0.021	   0.289
      30	L	   0.393	    0.04	   0.567
      31	K	   0.323	   0.063	   0.614
      32	P	   0.079	   0.099	   0.823
      33	G	   0.029	   0.101	    0.87
      34	T	   0.058	   0.083	   0.859
      35	M	   0.065	   0.035	   0.901
      36	S	   0.028	   0.036	   0.936
      37	P	   0.011	   0.732	   0.257
      38	E	   0.003	     0.9	   0.096
      39	A	   0.003	   0.947	   0.049
      40	F	   0.006	   0.939	   0.055
      41	L	   0.002	   0.978	    0.02
      42	Q	   0.002	   0.973	   0.025
      43	E	   0.002	   0.971	   0.027
      44	A	   0.002	   0.952	   0.046
      45	Q	   0.004	   0.918	   0.078
      46	V	   0.004	   0.923	   0.072
      47	M	   0.004	    0.87	   0.126
      48	K	   0.003	   0.861	   0.137
      49	K	   0.005	   0.785	   0.209
      50	L	   0.012	   0.536	   0.451
      51	R	   0.015	   0.383	   0.602
      52	H	   0.006	    0.82	   0.174
      53	E	   0.005	   0.905	   0.089
      54	K	    0.01	   0.915	   0.076
      55	L	   0.045	   0.865	   0.091
      56	V	   0.103	   0.807	   0.091
      57	Q	   0.165	   0.758	   0.077
      58	L	   0.233	   0.686	   0.081
      59	Y	    0.42	   0.455	   0.125
      60	A	   0.686	   0.217	   0.098
      61	V	   0.696	   0.196	   0.109
      62	V	   0.547	   0.198	   0.254
      63	S	   0.378	   0.191	   0.433
      64	E	   0.156	   0.073	   0.771
      65	E	   0.092	   0.014	   0.894
      66	P	   0.358	   0.013	   0.628
      67	I	   0.806	   0.009	   0.185
      68	Y	   0.963	   0.008	   0.028
      69	I	   0.983	   0.006	   0.011
      70	V	    0.97	   0.011	   0.019
      71	T	   0.925	   0.017	   0.058
      72	E	   0.846	   0.018	   0.136
      73	Y	   0.635	   0.066	   0.299
      74	M	   0.342	   0.218	   0.441
      75	S	   0.177	   0.222	   0.602
      76	K	   0.074	   0.201	   0.724
      77	G	   0.073	    0.13	   0.797
      78	S	   0.185	   0.237	   0.577
      79	L	   0.068	   0.828	   0.103
      80	L	   0.036	   0.898	   0.067
      81	D	    0.02	     0.9	   0.081
      82	F	   0.021	   0.883	   0.096
      83	L	    0.03	   0.794	   0.175
      84	K	   0.034	   0.636	   0.329
      85	G	    0.04	   0.377	   0.583
      86	E	   0.037	   0.227	   0.737
      87	T	   0.033	   0.144	   0.824
      88	G	   0.035	   0.072	   0.893
      89	K	   0.131	   0.094	   0.774
      90	Y	   0.212	   0.132	   0.655
      91	L	   0.216	   0.169	   0.615
      92	R	   0.141	   0.156	   0.703
      93	L	   0.053	   0.586	   0.361
      94	P	   0.022	    0.78	   0.198
      95	Q	   0.015	   0.879	   0.105
      96	L	   0.015	   0.931	   0.054
      97	V	   0.015	   0.947	   0.038
      98	D	    0.01	   0.957	   0.032
      99	M	   0.004	   0.981	   0.015
     100	A	   0.003	   0.981	   0.016
     101	A	   0.002	   0.989	   0.009
     102	Q	   0.002	   0.987	    0.01
     103	I	   0.002	   0.985	   0.013
     104	A	   0.002	   0.979	    0.02
     105	S	   0.002	   0.968	   0.031
     106	G	   0.003	   0.828	    0.17
     107	M	   0.021	   0.664	   0.315
     108	A	   0.028	   0.849	   0.124
     109	Y	   0.064	   0.876	    0.06
     110	V	   0.077	   0.873	    0.05
     111	E	   0.049	   0.874	   0.077
     112	R	   0.039	   0.849	   0.112
     113	M	   0.019	    0.81	   0.171
     114	N	   0.017	   0.728	   0.255
     115	Y	   0.079	   0.611	    0.31
     116	V	   0.096	    0.64	   0.264
     117	H	   0.048	   0.723	   0.229
     118	R	   0.024	   0.792	   0.184
     119	D	   0.022	   0.708	   0.271
     120	L	   0.021	   0.805	   0.174
     121	R	   0.034	   0.737	   0.229
     122	A	   0.064	   0.739	   0.197
     123	A	   0.131	   0.634	   0.236
     124	N	   0.276	   0.512	    0.21
     125	I	   0.518	   0.355	   0.127
     126	L	   0.669	   0.224	   0.108
     127	V	   0.587	   0.197	   0.216
     128	G	   0.309	   0.089	   0.602
     129	E	   0.062	   0.076	   0.861
     130	N	    0.06	   0.077	   0.864
     131	L	   0.346	   0.081	   0.574
     132	V	   0.628	     0.1	   0.271
     133	C	   0.786	   0.082	   0.132
     134	K	   0.779	   0.089	   0.132
     135	V	   0.524	   0.212	   0.264
     136	A	   0.244	    0.25	   0.506
     137	D	   0.105	   0.368	   0.526
     138	F	   0.088	   0.519	   0.394
     139	G	   0.085	   0.365	   0.551
     140	L	   0.154	   0.619	   0.227
     141	A	   0.158	   0.652	    0.19
     142	R	   0.141	   0.724	   0.135
     143	L	   0.199	   0.682	   0.119
     144	I	    0.19	   0.675	   0.135
     145	E	   0.157	   0.613	   0.228
     146	D	   0.093	   0.502	   0.405
     147	N	    0.06	   0.263	   0.677
     148	E	   0.075	    0.52	   0.405
     149	Y	   0.152	    0.47	   0.377
     150	T	    0.18	   0.577	   0.243
     151	A	   0.093	   0.597	   0.311
     152	R	   0.075	   0.532	   0.394
     153	Q	   0.058	   0.516	   0.427
     154	G	   0.031	   0.031	   0.938
     155	A	   0.188	   0.032	    0.78
     156	K	   0.308	   0.027	   0.666
     157	F	   0.293	   0.022	   0.684
     158	P	    0.23	   0.023	   0.747
     159	I	   0.273	   0.042	   0.685
     160	K	   0.412	   0.055	   0.533
     161	W	   0.366	   0.076	   0.557
     162	T	    0.25	   0.096	   0.653
     163	A	   0.086	   0.592	   0.322
     164	P	   0.037	   0.745	   0.218
     165	E	   0.028	   0.768	   0.205
     166	A	    0.05	   0.759	   0.191
     167	A	   0.121	    0.62	   0.259
     168	L	   0.172	   0.512	   0.316
     169	Y	   0.154	   0.381	   0.464
     170	G	   0.113	   0.084	   0.802
     171	R	   0.304	   0.101	   0.596
     172	F	   0.555	   0.086	   0.359
     173	T	   0.646	   0.086	   0.269
     174	I	   0.566	   0.088	   0.347
     175	K	   0.356	   0.134	    0.51
     176	S	   0.115	   0.275	    0.61
     177	D	   0.095	   0.302	   0.604
     178	V	   0.179	   0.509	   0.312
     179	W	   0.263	   0.501	   0.236
     180	S	   0.288	   0.563	   0.149
     181	F	   0.243	   0.637	    0.12
     182	G	   0.259	   0.628	   0.113
     183	I	   0.334	   0.569	   0.098
     184	L	   0.365	   0.553	   0.082
     185	L	   0.392	   0.529	   0.077
     186	T	    0.37	   0.528	   0.102
     187	E	   0.391	   0.446	   0.163
     188	L	   0.486	   0.316	   0.198
     189	T	   0.393	    0.32	   0.287
     190	T	    0.37	   0.209	   0.421
     191	K	   0.234	   0.097	    0.67
     192	G	   0.168	   0.037	   0.795
     193	R	   0.387	   0.026	   0.587
     194	V	   0.381	   0.016	   0.603
     195	P	   0.326	   0.009	   0.664
     196	Y	   0.115	   0.024	    0.86
     197	P	   0.025	   0.057	   0.918
     198	G	   0.031	   0.061	   0.908
     199	M	   0.075	   0.076	   0.849
     200	V	   0.083	   0.086	   0.831
     201	N	    0.04	   0.267	   0.693
     202	R	   0.009	    0.87	   0.121
     203	E	    0.01	   0.928	   0.063
     204	V	   0.009	   0.959	   0.033
     205	L	   0.009	    0.95	   0.041
     206	D	   0.008	   0.947	   0.046
     207	Q	   0.018	   0.914	   0.068
     208	V	   0.025	   0.877	   0.099
     209	E	   0.041	   0.756	   0.203
     210	R	   0.052	   0.619	   0.331
     211	G	   0.031	   0.121	   0.849
     212	Y	   0.114	    0.07	   0.816
     213	R	   0.185	   0.043	   0.771
     214	M	   0.094	   0.024	   0.882
     215	P	   0.052	   0.022	   0.926
     216	C	   0.072	   0.024	   0.904
     217	P	   0.026	   0.053	   0.921
     218	P	   0.019	   0.126	   0.855
     219	E	   0.051	   0.087	   0.861
     220	C	   0.042	   0.056	   0.901
     221	P	   0.012	   0.567	   0.421
     222	E	   0.006	    0.88	   0.115
     223	S	   0.009	   0.891	   0.099
     224	L	   0.006	   0.949	   0.045
     225	H	   0.008	   0.944	   0.047
     226	D	   0.008	   0.954	   0.038
     227	L	   0.008	   0.958	   0.034
     228	M	   0.013	   0.938	   0.048
     229	C	   0.013	   0.924	   0.064
     230	Q	    0.02	   0.886	   0.093
     231	C	    0.04	    0.82	   0.141
     232	W	   0.039	   0.763	   0.198
     233	R	   0.056	    0.59	   0.354
     234	K	   0.058	   0.402	   0.541
     235	E	   0.035	   0.106	   0.859
     236	P	   0.007	   0.368	   0.625
     237	E	   0.005	   0.371	   0.624
     238	E	   0.026	   0.375	     0.6
     239	R	   0.015	   0.058	   0.927
     240	P	    0.05	   0.131	   0.819
     241	T	   0.063	   0.209	   0.729
     242	F	   0.006	   0.929	   0.066
     243	E	   0.006	   0.954	   0.039
     244	Y	   0.004	   0.971	   0.024
     245	L	   0.003	    0.98	   0.018
     246	Q	   0.003	   0.982	   0.016
     247	A	   0.003	    0.98	   0.017
     248	F	   0.005	   0.966	   0.028
     249	L	   0.003	   0.978	    0.02
     250	E	   0.004	   0.922	   0.073
     251	D	   0.002	   0.906	   0.092
     252	Y	   0.004	   0.624	   0.372
     253	F	   0.002	    0.01	    0.99
