   1 L S   0.312  0.007  0.681
   2 R S   0.099  0.053  0.848
   3 L S   0.262  0.083  0.655
   4 E S   0.146  0.155  0.699
   5 V S   0.109  0.151  0.740
   6 K S   0.133  0.095  0.772
   7 L S   0.217  0.067  0.716
   8 G U   0.814  0.060  0.126
   9 Q U   0.631  0.141  0.228
  10 G U   0.742  0.114  0.144
  11 C U   0.722  0.097  0.181
  12 F U   0.619  0.038  0.343
  13 G S   0.105  0.342  0.553
  14 E S   0.165  0.063  0.772
  15 V S   0.053  0.321  0.626
  16 W S   0.076  0.104  0.819
  17 M S   0.043  0.342  0.615
  18 G S   0.084  0.041  0.875
  19 T S   0.240  0.064  0.697
  20 W S   0.461  0.042  0.497
  21 N U   0.833  0.070  0.096
  22 G U   0.939  0.023  0.038
  23 T U   0.787  0.006  0.207
  24 T S   0.315  0.129  0.556
  25 R S   0.028  0.272  0.700
  26 V S   0.011  0.118  0.871
  27 A S   0.020  0.184  0.795
  28 I S   0.006  0.069  0.926
  29 K S   0.031  0.145  0.824
  30 T S   0.093  0.108  0.799
  31 L S   0.298  0.034  0.668
  32 K S   0.344  0.064  0.592
  33 P U   0.827  0.093  0.081
  34 G U   0.938  0.024  0.038
  35 T U   0.779  0.165  0.056
  36 M U   0.716  0.221  0.063
  37 S U   0.777  0.155  0.069
  38 P H   0.118  0.857  0.026
  39 E H   0.050  0.934  0.016
  40 A H   0.070  0.907  0.023
  41 F H   0.056  0.937  0.006
  42 L H   0.053  0.945  0.002
  43 Q H   0.014  0.984  0.001
  44 E H   0.023  0.974  0.003
  45 A H   0.017  0.976  0.007
  46 Q H   0.063  0.920  0.017
  47 V H   0.065  0.912  0.023
  48 M H   0.081  0.890  0.029
  49 K H   0.119  0.838  0.043
  50 K H   0.092  0.836  0.072
  51 L H   0.356  0.591  0.053
  52 R U   0.768  0.202  0.030
  53 H U   0.764  0.164  0.072
  54 E U   0.767  0.126  0.107
  55 K U   0.735  0.215  0.050
  56 L S   0.101  0.442  0.457
  57 V S   0.039  0.437  0.524
  58 Q S   0.018  0.212  0.771
  59 L H   0.030  0.535  0.434
  60 Y H   0.117  0.638  0.245
  61 A S   0.186  0.162  0.652
  62 V S   0.078  0.248  0.674
  63 V S   0.183  0.161  0.657
  64 S U   0.573  0.160  0.267
  65 E U   0.894  0.054  0.051
  66 E U   0.780  0.114  0.106
  67 P U   0.877  0.062  0.061
  68 I S   0.321  0.215  0.464
  69 Y S   0.147  0.045  0.808
  70 I S   0.066  0.101  0.834
  71 V S   0.134  0.232  0.634
  72 T S   0.078  0.256  0.666
  73 E S   0.173  0.145  0.682
  74 Y U   0.443  0.284  0.273
  75 M U   0.597  0.117  0.285
  76 S U   0.822  0.080  0.098
  77 K U   0.742  0.179  0.079
  78 G U   0.852  0.092  0.056
  79 S U   0.762  0.195  0.043
  80 L H   0.241  0.750  0.009
  81 L H   0.085  0.900  0.015
  82 D H   0.089  0.892  0.019
  83 F H   0.146  0.826  0.028
  84 L H   0.154  0.817  0.029
  85 K H   0.243  0.713  0.045
  86 G H   0.393  0.575  0.032
  87 E U   0.602  0.302  0.096
  88 T U   0.736  0.204  0.060
  89 G U   0.827  0.133  0.040
  90 K U   0.841  0.081  0.077
  91 Y U   0.871  0.076  0.052
  92 L U   0.857  0.070  0.073
  93 R U   0.729  0.231  0.039
  94 L H   0.099  0.889  0.012
  95 P H   0.085  0.874  0.041
  96 Q H   0.098  0.873  0.029
  97 L H   0.027  0.969  0.004
  98 V H   0.026  0.965  0.008
  99 D H   0.017  0.974  0.009
 100 M H   0.063  0.915  0.022
 101 A H   0.017  0.976  0.007
 102 A H   0.028  0.962  0.009
 103 Q H   0.060  0.918  0.023
 104 I H   0.013  0.974  0.013
 105 A H   0.036  0.951  0.013
 106 S H   0.060  0.930  0.009
 107 G H   0.102  0.884  0.014
 108 M H   0.039  0.956  0.005
 109 A H   0.081  0.909  0.010
 110 Y H   0.102  0.878  0.020
 111 V H   0.159  0.800  0.041
 112 E H   0.392  0.535  0.073
 113 R H   0.216  0.758  0.025
 114 M H   0.434  0.486  0.080
 115 N U   0.698  0.255  0.047
 116 Y U   0.703  0.155  0.142
 117 V U   0.499  0.201  0.300
 118 H U   0.237  0.243  0.520
 119 R U   0.532  0.250  0.218
 120 D H   0.294  0.441  0.264
 121 L H   0.393  0.413  0.194
 122 R U   0.536  0.228  0.236
 123 A U   0.534  0.236  0.230
 124 A U   0.762  0.134  0.104
 125 N U   0.754  0.152  0.094
 126 I U   0.582  0.136  0.281
 127 L U   0.389  0.130  0.481
 128 V U   0.473  0.231  0.296
 129 G U   0.516  0.099  0.386
 130 E U   0.699  0.157  0.144
 131 N U   0.769  0.104  0.128
 132 L U   0.714  0.127  0.159
 133 V S   0.220  0.061  0.719
 134 C S   0.087  0.063  0.850
 135 K S   0.211  0.117  0.671
 136 V S   0.075  0.065  0.860
 137 A S   0.094  0.077  0.829
 138 D S   0.235  0.098  0.667
 139 F U   0.528  0.365  0.108
 140 G U   0.419  0.499  0.082
 141 L U   0.611  0.208  0.181
 142 A U   0.579  0.216  0.204
 143 R U   0.357  0.526  0.117
 144 L U   0.735  0.157  0.109
 145 I U   0.734  0.187  0.079
 146 E U   0.820  0.132  0.047
 147 D U   0.732  0.211  0.057
 148 N U   0.648  0.259  0.092
 149 E U   0.424  0.356  0.220
 150 Y U   0.380  0.378  0.242
 151 T U   0.116  0.442  0.442
 152 A U   0.267  0.515  0.218
 153 R U   0.471  0.368  0.161
 154 Q U   0.621  0.183  0.196
 155 G U   0.774  0.098  0.128
 156 A U   0.689  0.149  0.162
 157 K U   0.540  0.094  0.366
 158 F U   0.561  0.037  0.402
 159 P S   0.346  0.020  0.634
 160 I S   0.359  0.126  0.515
 161 K S   0.352  0.099  0.550
 162 W U   0.502  0.046  0.452
 163 T U   0.637  0.113  0.249
 164 A U   0.455  0.220  0.325
 165 P H   0.132  0.776  0.091
 166 E H   0.037  0.944  0.019
 167 A H   0.069  0.904  0.026
 168 A H   0.038  0.861  0.101
 169 L H   0.331  0.582  0.087
 170 Y U   0.582  0.367  0.050
 171 G U   0.850  0.122  0.028
 172 R U   0.853  0.063  0.085
 173 F U   0.764  0.085  0.151
 174 T U   0.683  0.057  0.260
 175 I U   0.756  0.120  0.124
 176 K U   0.644  0.158  0.199
 177 S U   0.609  0.175  0.216
 178 D U   0.756  0.104  0.140
 179 V U   0.448  0.199  0.352
 180 W U   0.508  0.268  0.224
 181 S U   0.630  0.099  0.272
 182 F H   0.100  0.782  0.118
 183 G H   0.251  0.446  0.302
 184 I S   0.022  0.304  0.674
 185 L S   0.082  0.125  0.793
 186 L S   0.022  0.464  0.514
 187 T S   0.005  0.313  0.682
 188 E H   0.010  0.725  0.265
 189 L H   0.016  0.628  0.356
 190 T H   0.063  0.420  0.517
 191 T H   0.155  0.765  0.081
 192 K U   0.617  0.315  0.068
 193 G U   0.920  0.032  0.048
 194 R U   0.851  0.056  0.093
 195 V U   0.793  0.073  0.133
 196 P U   0.768  0.089  0.143
 197 Y U   0.837  0.064  0.099
 198 P U   0.833  0.093  0.073
 199 G U   0.851  0.081  0.067
 200 M U   0.787  0.105  0.107
 201 V U   0.796  0.109  0.095
 202 N H   0.224  0.752  0.024
 203 R H   0.081  0.874  0.045
 204 E H   0.097  0.814  0.089
 205 V H   0.017  0.960  0.023
 206 L H   0.010  0.977  0.013
 207 D H   0.010  0.980  0.010
 208 Q H   0.032  0.923  0.045
 209 V H   0.035  0.947  0.018
 210 E H   0.030  0.949  0.021
 211 R H   0.224  0.755  0.021
 212 G U   0.867  0.117  0.016
 213 Y U   0.686  0.280  0.034
 214 R U   0.757  0.149  0.094
 215 M U   0.842  0.099  0.059
 216 P U   0.820  0.020  0.160
 217 C U   0.849  0.094  0.058
 218 P U   0.844  0.083  0.073
 219 P U   0.732  0.223  0.046
 220 E U   0.694  0.282  0.024
 221 C U   0.552  0.436  0.013
 222 P H   0.133  0.851  0.016
 223 E H   0.045  0.936  0.019
 224 S H   0.144  0.797  0.059
 225 L H   0.010  0.986  0.004
 226 H H   0.009  0.988  0.003
 227 D H   0.007  0.990  0.002
 228 L H   0.053  0.922  0.025
 229 M H   0.036  0.947  0.016
 230 C H   0.032  0.960  0.009
 231 Q H   0.084  0.911  0.005
 232 C H   0.117  0.870  0.013
 233 W H   0.258  0.729  0.014
 234 R H   0.217  0.754  0.029
 235 K H   0.204  0.793  0.003
 236 E H   0.812  0.144  0.043
 237 P H   0.468  0.508  0.024
 238 E U   0.648  0.346  0.005
 239 E U   0.801  0.158  0.041
 240 R U   0.800  0.088  0.112
 241 P U   0.791  0.091  0.118
 242 T U   0.650  0.316  0.034
 243 F H   0.254  0.744  0.003
 244 E H   0.220  0.776  0.004
 245 Y H   0.220  0.774  0.006
 246 L H   0.069  0.922  0.010
 247 Q H   0.009  0.973  0.018
 248 A H   0.037  0.894  0.069
 249 F H   0.029  0.905  0.067
 250 L H   0.085  0.890  0.025
 251 E H   0.225  0.762  0.013
 252 D H   0.271  0.718  0.012
 253 Y H   0.389  0.606  0.005
 254 F U   0.515  0.463  0.023
