# TARGET 38246
# Using neural net overrep-3617-IDaa13-7-10-11-10-11-7-7-ebghtl-seeded3-stride-trained.net
# This is a 4-layer network, with 
#	window	units
#	    7	   10
#	   11	   10
#	   11	    7
#	    7	    6 (1 EBGHTL )
# The input amino acid frequencies were determined from
# alignment /work/robetta/SERVER_FRAGMENT_PICKER/jobs/38246/t000_.uniqueseq.a2m
# with weighted counts, using EntropyWeight(1.4 bits/column, 10)
# The weighting was determined by the posterior distribution
# after regularizing with recode3.20comp.
# Counts were regularized to probabilities using
# recode3.20comp
# Total sequence weight for alignment was 7.48329
#
Pos	AA	E	H	L
10N	1S	5N	5N	5N
       0	L	   0.009	    0.02	   0.972
       1	R	   0.051	   0.054	   0.895
       2	K	   0.105	   0.069	   0.826
       3	V	   0.103	   0.061	   0.836
       4	K	   0.211	   0.075	   0.714
       5	V	   0.501	   0.071	   0.428
       6	L	   0.568	   0.079	   0.354
       7	G	   0.499	   0.051	   0.451
       8	S	   0.434	    0.07	   0.495
       9	G	   0.377	    0.09	   0.534
      10	A	   0.388	   0.072	    0.54
      11	F	   0.403	    0.05	   0.546
      12	G	   0.628	   0.029	   0.342
      13	T	   0.852	   0.015	   0.133
      14	V	    0.91	   0.014	   0.076
      15	Y	   0.907	    0.01	   0.083
      16	K	   0.822	   0.011	   0.168
      17	G	   0.687	   0.014	   0.298
      18	I	   0.827	   0.008	   0.166
      19	W	   0.825	   0.007	   0.168
      20	I	   0.639	   0.007	   0.354
      21	P	   0.303	   0.016	   0.682
      22	D	   0.088	   0.013	     0.9
      23	G	   0.031	   0.025	   0.945
      24	E	   0.041	   0.026	   0.935
      25	N	   0.086	   0.032	   0.882
      26	V	   0.188	   0.023	   0.788
      27	K	   0.375	    0.04	   0.585
      28	I	   0.701	   0.076	   0.222
      29	P	   0.744	   0.108	   0.148
      30	V	   0.583	   0.321	   0.097
      31	A	   0.669	   0.267	   0.064
      32	I	    0.46	   0.477	   0.063
      33	K	   0.349	   0.587	   0.064
      34	V	   0.406	   0.514	   0.079
      35	L	   0.237	   0.649	   0.115
      36	R	    0.11	   0.673	   0.217
      37	E	   0.052	   0.559	   0.389
      38	N	   0.031	   0.479	   0.489
      39	T	   0.028	   0.279	   0.694
      40	S	   0.021	   0.136	   0.843
      41	P	   0.024	    0.34	   0.637
      42	K	   0.021	   0.424	   0.554
      43	A	   0.025	   0.553	   0.423
      44	N	   0.018	   0.693	    0.29
      45	K	   0.007	   0.906	   0.088
      46	E	   0.008	   0.923	   0.069
      47	I	   0.011	   0.926	   0.063
      48	L	   0.007	   0.943	    0.05
      49	D	   0.006	   0.944	    0.05
      50	E	   0.009	    0.94	   0.051
      51	A	   0.016	   0.922	   0.061
      52	Y	   0.043	   0.872	   0.086
      53	V	   0.063	   0.856	   0.081
      54	M	    0.07	   0.789	    0.14
      55	A	   0.091	   0.635	   0.273
      56	G	   0.094	   0.435	    0.47
      57	V	   0.079	   0.225	   0.695
      58	G	   0.077	   0.173	   0.749
      59	S	   0.039	   0.517	   0.444
      60	P	   0.011	   0.762	   0.227
      61	Y	   0.021	    0.78	     0.2
      62	V	   0.077	   0.803	   0.121
      63	S	    0.18	   0.675	   0.144
      64	R	   0.365	   0.521	   0.113
      65	L	   0.461	   0.471	   0.068
      66	L	   0.615	   0.325	   0.059
      67	G	    0.83	   0.108	   0.061
      68	I	   0.844	   0.057	   0.099
      69	C	   0.654	   0.046	   0.301
      70	L	   0.232	   0.072	   0.696
      71	T	   0.072	   0.058	    0.87
      72	S	   0.085	   0.067	   0.849
      73	T	   0.113	   0.032	   0.856
      74	V	   0.494	    0.02	   0.487
      75	Q	   0.892	   0.009	     0.1
      76	L	   0.965	   0.006	   0.028
      77	V	    0.97	   0.006	   0.024
      78	T	   0.894	   0.011	   0.095
      79	Q	   0.701	   0.012	   0.287
      80	L	   0.362	   0.027	   0.611
      81	M	   0.181	   0.037	   0.782
      82	P	   0.125	   0.072	   0.804
      83	Y	   0.059	   0.307	   0.634
      84	G	   0.055	   0.318	   0.627
      85	C	   0.064	   0.408	   0.527
      86	L	   0.005	   0.962	   0.032
      87	L	   0.004	   0.976	   0.021
      88	D	   0.003	   0.981	   0.017
      89	H	   0.004	   0.967	   0.029
      90	V	   0.005	   0.963	   0.032
      91	R	   0.006	   0.945	   0.048
      92	E	   0.008	   0.911	   0.081
      93	N	   0.013	   0.719	   0.267
      94	R	   0.011	   0.632	   0.357
      95	G	   0.009	   0.521	    0.47
      96	R	    0.02	     0.5	    0.48
      97	L	    0.04	     0.2	    0.76
      98	G	   0.017	   0.172	    0.81
      99	S	   0.003	   0.945	   0.052
     100	Q	   0.003	   0.962	   0.035
     101	D	   0.003	   0.978	    0.02
     102	L	   0.003	    0.98	   0.017
     103	L	   0.002	   0.988	   0.011
     104	N	   0.002	   0.995	   0.005
     105	W	   0.002	   0.997	   0.003
     106	C	   0.002	   0.997	   0.003
     107	M	   0.002	   0.995	   0.005
     108	Q	   0.002	   0.993	   0.006
     109	I	   0.002	   0.991	   0.008
     110	A	   0.002	   0.988	   0.012
     111	K	   0.002	   0.981	   0.018
     112	G	   0.002	    0.89	   0.109
     113	M	   0.006	   0.815	    0.18
     114	S	   0.007	   0.916	   0.077
     115	Y	   0.011	   0.936	   0.053
     116	L	   0.007	   0.962	   0.031
     117	E	   0.004	   0.955	    0.04
     118	D	   0.004	   0.941	   0.054
     119	V	   0.004	   0.862	   0.135
     120	R	   0.007	    0.11	   0.883
     121	L	   0.177	   0.251	   0.572
     122	V	   0.241	   0.426	   0.333
     123	H	   0.173	   0.556	   0.271
     124	R	   0.054	   0.724	   0.221
     125	D	   0.038	   0.632	   0.329
     126	L	   0.086	   0.581	   0.333
     127	A	   0.142	   0.534	   0.324
     128	A	   0.247	   0.431	   0.322
     129	R	   0.296	   0.338	   0.366
     130	N	   0.461	   0.237	   0.301
     131	V	   0.818	   0.085	   0.097
     132	L	    0.86	   0.069	    0.07
     133	V	   0.854	   0.031	   0.115
     134	K	   0.694	   0.016	   0.289
     135	S	   0.221	   0.019	    0.76
     136	P	   0.028	   0.036	   0.935
     137	N	    0.04	   0.041	   0.918
     138	H	   0.469	   0.033	   0.499
     139	V	   0.854	   0.006	   0.141
     140	K	   0.949	   0.004	   0.048
     141	I	   0.914	   0.008	   0.079
     142	T	   0.652	   0.013	   0.337
     143	D	   0.253	   0.064	   0.682
     144	F	   0.046	   0.408	   0.545
     145	G	   0.034	    0.54	   0.425
     146	L	   0.023	   0.813	   0.163
     147	A	   0.031	   0.822	   0.147
     148	R	   0.026	   0.843	   0.132
     149	L	   0.042	   0.794	   0.165
     150	L	   0.062	   0.535	   0.402
     151	D	   0.061	   0.159	    0.78
     152	I	   0.052	   0.104	   0.844
     153	D	   0.057	   0.105	   0.838
     154	E	   0.063	    0.22	   0.717
     155	T	   0.056	   0.259	   0.685
     156	E	   0.244	   0.206	   0.549
     157	Y	   0.483	   0.163	   0.353
     158	H	   0.519	    0.18	   0.302
     159	A	   0.357	   0.163	    0.48
     160	D	   0.149	    0.12	   0.731
     161	G	   0.092	   0.052	   0.856
     162	G	   0.217	   0.022	    0.76
     163	K	   0.517	   0.028	   0.455
     164	V	   0.433	   0.048	   0.519
     165	P	   0.389	   0.099	   0.511
     166	I	   0.321	   0.266	   0.412
     167	K	   0.324	   0.455	   0.222
     168	W	   0.341	   0.509	    0.15
     169	M	   0.259	   0.634	   0.107
     170	A	   0.239	   0.661	     0.1
     171	L	   0.152	   0.753	   0.094
     172	E	   0.123	   0.751	   0.126
     173	S	   0.124	   0.723	   0.154
     174	I	   0.082	   0.693	   0.224
     175	L	   0.076	   0.671	   0.253
     176	R	   0.064	   0.635	   0.301
     177	R	   0.086	   0.449	   0.466
     178	R	   0.189	   0.381	   0.429
     179	F	    0.23	   0.307	   0.463
     180	T	   0.223	   0.204	   0.573
     181	H	   0.112	   0.136	   0.752
     182	Q	   0.071	   0.264	   0.664
     183	S	   0.063	   0.346	   0.591
     184	D	   0.103	   0.452	   0.445
     185	V	    0.15	   0.632	   0.217
     186	W	   0.198	   0.594	   0.207
     187	S	   0.133	   0.638	    0.23
     188	Y	    0.15	   0.546	   0.304
     189	G	   0.214	   0.328	   0.457
     190	V	   0.368	   0.235	   0.396
     191	T	   0.475	   0.215	    0.31
     192	V	   0.223	   0.701	   0.077
     193	W	   0.237	   0.671	   0.093
     194	E	   0.163	   0.712	   0.124
     195	L	   0.143	   0.691	   0.165
     196	M	   0.194	   0.539	   0.266
     197	T	   0.157	    0.45	   0.393
     198	F	   0.107	   0.222	   0.672
     199	G	   0.049	   0.057	   0.896
     200	A	   0.113	   0.039	   0.847
     201	K	   0.108	   0.034	   0.857
     202	P	    0.09	   0.046	   0.864
     203	Y	    0.06	   0.095	   0.844
     204	D	   0.038	   0.096	   0.865
     205	G	   0.056	   0.083	   0.861
     206	I	   0.171	   0.049	   0.781
     207	P	   0.092	   0.071	   0.837
     208	A	   0.016	    0.87	   0.115
     209	R	   0.007	   0.917	   0.075
     210	E	   0.007	   0.928	   0.066
     211	I	   0.002	   0.976	   0.022
     212	P	   0.002	   0.986	   0.013
     213	D	   0.002	    0.99	    0.01
     214	L	   0.003	   0.982	   0.016
     215	L	   0.003	   0.972	   0.025
     216	E	   0.004	   0.944	   0.052
     217	K	   0.005	   0.913	   0.082
     218	G	   0.006	   0.115	    0.88
     219	E	   0.039	   0.119	   0.842
     220	R	   0.119	    0.12	   0.761
     221	L	   0.148	   0.129	   0.723
     222	P	   0.074	   0.043	   0.884
     223	Q	   0.063	   0.028	   0.909
     224	P	   0.037	   0.035	   0.929
     225	P	   0.048	   0.089	   0.863
     226	I	   0.081	   0.152	   0.767
     227	C	   0.071	   0.151	   0.778
     228	T	   0.039	   0.456	   0.504
     229	I	   0.011	    0.91	   0.079
     230	D	   0.009	   0.953	   0.038
     231	V	   0.007	   0.978	   0.016
     232	Y	   0.011	   0.971	   0.019
     233	M	   0.009	   0.977	   0.014
     234	I	    0.01	   0.978	   0.012
     235	M	   0.015	   0.968	   0.017
     236	V	   0.018	   0.948	   0.035
     237	K	   0.042	   0.881	   0.075
     238	C	   0.075	   0.801	   0.123
     239	W	    0.11	   0.683	   0.207
     240	M	   0.171	   0.504	   0.326
     241	I	   0.148	   0.303	    0.55
     242	D	   0.052	   0.118	    0.83
     243	S	   0.004	   0.287	   0.709
     244	E	   0.003	   0.203	   0.794
     245	C	   0.046	   0.229	   0.725
     246	R	   0.016	   0.046	   0.938
     247	P	   0.036	   0.301	   0.663
     248	R	   0.059	   0.423	   0.519
     249	F	   0.005	   0.952	   0.042
     250	R	   0.004	   0.972	   0.025
     251	E	   0.004	   0.979	   0.018
     252	L	   0.002	   0.988	   0.011
     253	V	   0.002	   0.986	   0.012
     254	S	   0.002	   0.989	    0.01
     255	E	   0.003	   0.981	   0.015
     256	F	   0.004	   0.969	   0.027
     257	S	   0.005	   0.955	    0.04
     258	R	    0.01	   0.936	   0.055
     259	M	   0.008	   0.921	   0.071
     260	A	   0.012	   0.826	   0.162
     261	R	    0.02	   0.546	   0.434
     262	D	   0.014	   0.162	   0.824
     263	P	   0.011	   0.438	   0.551
     264	Q	   0.007	   0.466	   0.527
     265	R	   0.025	   0.488	   0.487
     266	F	   0.053	   0.261	   0.686
     267	V	   0.003	   0.004	   0.995
