   1 L U   0.535  0.008  0.457
   2 R U   0.250  0.060  0.690
   3 K U   0.482  0.186  0.332
   4 V S   0.267  0.292  0.441
   5 K S   0.144  0.107  0.749
   6 V S   0.130  0.104  0.766
   7 L S   0.265  0.086  0.649
   8 G U   0.820  0.039  0.140
   9 S U   0.698  0.124  0.178
  10 G U   0.810  0.073  0.117
  11 A U   0.766  0.061  0.173
  12 F S   0.450  0.081  0.469
  13 G S   0.208  0.320  0.472
  14 T S   0.151  0.078  0.771
  15 V S   0.126  0.096  0.778
  16 Y S   0.079  0.036  0.885
  17 K S   0.058  0.211  0.732
  18 G S   0.055  0.056  0.888
  19 I S   0.173  0.088  0.739
  20 W S   0.274  0.025  0.701
  21 I U   0.726  0.067  0.207
  22 P U   0.758  0.111  0.131
  23 D U   0.846  0.070  0.084
  24 G U   0.816  0.092  0.092
  25 E U   0.670  0.077  0.254
  26 N U   0.539  0.068  0.393
  27 V S   0.389  0.102  0.509
  28 K S   0.204  0.078  0.718
  29 I S   0.102  0.060  0.838
  30 P S   0.056  0.067  0.877
  31 V S   0.097  0.054  0.849
  32 A S   0.013  0.326  0.661
  33 I S   0.102  0.198  0.700
  34 K S   0.121  0.258  0.621
  35 V S   0.166  0.205  0.629
  36 L U   0.364  0.442  0.195
  37 R U   0.588  0.084  0.328
  38 E U   0.706  0.213  0.081
  39 N U   0.892  0.056  0.052
  40 T U   0.838  0.083  0.079
  41 S U   0.890  0.078  0.032
  42 P H   0.290  0.669  0.040
  43 K H   0.130  0.864  0.006
  44 A H   0.088  0.904  0.008
  45 N H   0.039  0.943  0.018
  46 K H   0.033  0.955  0.012
  47 E H   0.068  0.910  0.022
  48 I H   0.028  0.966  0.006
  49 L H   0.025  0.971  0.004
  50 D H   0.040  0.949  0.011
  51 E H   0.037  0.946  0.017
  52 A H   0.011  0.976  0.013
  53 Y H   0.072  0.886  0.042
  54 V H   0.055  0.905  0.040
  55 M H   0.112  0.856  0.032
  56 A H   0.190  0.758  0.052
  57 G H   0.281  0.604  0.115
  58 V U   0.491  0.442  0.067
  59 G U   0.817  0.082  0.101
  60 S U   0.784  0.101  0.115
  61 P U   0.742  0.093  0.165
  62 Y U   0.461  0.455  0.084
  63 V S   0.092  0.134  0.774
  64 S S   0.029  0.218  0.753
  65 R S   0.038  0.038  0.925
  66 L S   0.025  0.095  0.879
  67 L S   0.154  0.135  0.711
  68 G S   0.200  0.100  0.700
  69 I S   0.157  0.067  0.776
  70 C S   0.231  0.082  0.687
  71 L U   0.692  0.120  0.188
  72 T U   0.822  0.078  0.100
  73 S U   0.744  0.142  0.114
  74 T U   0.885  0.059  0.056
  75 V U   0.487  0.361  0.152
  76 Q S   0.250  0.017  0.733
  77 L S   0.031  0.057  0.912
  78 V S   0.082  0.174  0.744
  79 T S   0.054  0.134  0.811
  80 Q S   0.156  0.116  0.728
  81 L S   0.218  0.187  0.596
  82 M S   0.416  0.068  0.516
  83 P U   0.715  0.021  0.265
  84 Y U   0.780  0.144  0.075
  85 G U   0.911  0.047  0.042
  86 C U   0.776  0.205  0.019
  87 L H   0.236  0.753  0.011
  88 L H   0.108  0.873  0.019
  89 D H   0.139  0.829  0.032
  90 H H   0.096  0.864  0.040
  91 V H   0.179  0.773  0.048
  92 R H   0.260  0.662  0.078
  93 E H   0.378  0.528  0.094
  94 N U   0.660  0.295  0.044
  95 R U   0.791  0.148  0.061
  96 G U   0.836  0.087  0.077
  97 R U   0.828  0.075  0.096
  98 L U   0.836  0.080  0.084
  99 G U   0.886  0.076  0.038
 100 S H   0.106  0.874  0.021
 101 Q H   0.075  0.875  0.050
 102 D H   0.077  0.892  0.031
 103 L H   0.028  0.963  0.009
 104 L H   0.019  0.973  0.009
 105 N H   0.031  0.948  0.021
 106 W H   0.047  0.885  0.068
 107 C H   0.015  0.977  0.009
 108 M H   0.044  0.948  0.008
 109 Q H   0.084  0.903  0.013
 110 I H   0.018  0.976  0.006
 111 A H   0.022  0.962  0.016
 112 K H   0.109  0.872  0.019
 113 G H   0.107  0.876  0.017
 114 M H   0.050  0.943  0.007
 115 S H   0.159  0.818  0.023
 116 Y H   0.105  0.865  0.030
 117 L H   0.319  0.613  0.068
 118 E H   0.594  0.358  0.048
 119 D H   0.362  0.599  0.039
 120 V U   0.569  0.301  0.129
 121 R U   0.631  0.270  0.099
 122 L U   0.595  0.208  0.197
 123 V U   0.496  0.177  0.328
 124 H U   0.224  0.214  0.562
 125 R U   0.452  0.260  0.288
 126 D U   0.371  0.186  0.443
 127 L U   0.408  0.289  0.302
 128 A U   0.549  0.205  0.245
 129 A U   0.549  0.204  0.246
 130 R U   0.778  0.101  0.121
 131 N U   0.709  0.131  0.161
 132 V S   0.457  0.073  0.470
 133 L S   0.315  0.075  0.610
 134 V S   0.299  0.085  0.616
 135 K S   0.307  0.062  0.632
 136 S U   0.831  0.077  0.093
 137 P U   0.837  0.069  0.094
 138 N U   0.918  0.028  0.053
 139 H S   0.384  0.040  0.576
 140 V S   0.145  0.048  0.807
 141 K S   0.320  0.081  0.599
 142 I S   0.203  0.100  0.697
 143 T S   0.169  0.091  0.740
 144 D S   0.289  0.309  0.402
 145 F U   0.488  0.368  0.144
 146 G U   0.434  0.465  0.101
 147 L U   0.564  0.236  0.200
 148 A U   0.581  0.224  0.195
 149 R U   0.318  0.592  0.090
 150 L U   0.547  0.322  0.131
 151 L U   0.785  0.134  0.082
 152 D U   0.816  0.066  0.118
 153 I U   0.758  0.133  0.109
 154 D U   0.739  0.150  0.111
 155 E U   0.455  0.359  0.186
 156 T H   0.307  0.417  0.276
 157 E H   0.209  0.386  0.405
 158 Y H   0.267  0.447  0.286
 159 H U   0.436  0.252  0.313
 160 A U   0.551  0.263  0.186
 161 D U   0.692  0.156  0.152
 162 G U   0.888  0.046  0.066
 163 G U   0.731  0.066  0.203
 164 K U   0.702  0.083  0.215
 165 V U   0.722  0.078  0.200
 166 P S   0.294  0.051  0.655
 167 I S   0.216  0.117  0.667
 168 K S   0.286  0.157  0.558
 169 W U   0.498  0.126  0.376
 170 M U   0.647  0.135  0.218
 171 A U   0.379  0.132  0.489
 172 L H   0.147  0.767  0.086
 173 E H   0.056  0.918  0.026
 174 S H   0.073  0.905  0.022
 175 I H   0.064  0.853  0.083
 176 L U   0.530  0.413  0.058
 177 R U   0.645  0.327  0.027
 178 R U   0.739  0.228  0.033
 179 R U   0.880  0.052  0.068
 180 F U   0.712  0.091  0.198
 181 T U   0.633  0.075  0.292
 182 H U   0.799  0.086  0.116
 183 Q U   0.688  0.133  0.179
 184 S U   0.724  0.122  0.153
 185 D U   0.734  0.117  0.149
 186 V U   0.546  0.188  0.266
 187 W U   0.535  0.258  0.207
 188 S U   0.645  0.094  0.261
 189 Y H   0.152  0.721  0.127
 190 G H   0.251  0.446  0.304
 191 V S   0.022  0.350  0.627
 192 T S   0.044  0.206  0.749
 193 V S   0.023  0.475  0.503
 194 W S   0.008  0.329  0.663
 195 E H   0.011  0.797  0.192
 196 L H   0.008  0.899  0.093
 197 M H   0.049  0.666  0.285
 198 T H   0.123  0.830  0.047
 199 F H   0.303  0.679  0.018
 200 G U   0.924  0.040  0.036
 201 A U   0.824  0.082  0.094
 202 K U   0.769  0.098  0.133
 203 P U   0.799  0.081  0.120
 204 Y U   0.835  0.070  0.095
 205 D U   0.865  0.067  0.068
 206 G U   0.881  0.054  0.066
 207 I U   0.867  0.055  0.077
 208 P U   0.810  0.088  0.102
 209 A H   0.273  0.684  0.044
 210 R H   0.069  0.840  0.091
 211 E H   0.127  0.792  0.081
 212 I H   0.021  0.959  0.020
 213 P H   0.015  0.977  0.009
 214 D H   0.012  0.975  0.013
 215 L H   0.045  0.928  0.027
 216 L H   0.071  0.900  0.030
 217 E H   0.085  0.876  0.039
 218 K H   0.312  0.659  0.030
 219 G U   0.828  0.151  0.021
 220 E U   0.661  0.274  0.064
 221 R U   0.728  0.081  0.191
 222 L U   0.836  0.064  0.100
 223 P U   0.775  0.018  0.206
 224 Q U   0.868  0.056  0.076
 225 P U   0.842  0.078  0.080
 226 P U   0.848  0.085  0.067
 227 I U   0.872  0.078  0.050
 228 C U   0.749  0.231  0.020
 229 T U   0.494  0.491  0.015
 230 I H   0.076  0.904  0.020
 231 D H   0.088  0.884  0.028
 232 V H   0.006  0.992  0.002
 233 Y H   0.013  0.982  0.005
 234 M H   0.004  0.993  0.003
 235 I H   0.058  0.927  0.015
 236 M H   0.030  0.955  0.015
 237 V H   0.020  0.966  0.014
 238 K H   0.056  0.935  0.009
 239 C H   0.080  0.903  0.018
 240 W H   0.212  0.775  0.013
 241 M H   0.244  0.732  0.024
 242 I H   0.310  0.667  0.023
 243 D U   0.854  0.092  0.055
 244 S U   0.717  0.212  0.071
 245 E U   0.825  0.153  0.023
 246 C U   0.810  0.090  0.100
 247 R U   0.762  0.122  0.115
 248 P U   0.645  0.208  0.148
 249 R U   0.592  0.373  0.035
 250 F H   0.075  0.912  0.013
 251 R H   0.073  0.903  0.024
 252 E H   0.050  0.929  0.021
 253 L H   0.034  0.949  0.017
 254 V H   0.007  0.976  0.017
 255 S H   0.016  0.940  0.044
 256 E H   0.051  0.915  0.034
 257 F H   0.087  0.889  0.024
 258 S H   0.083  0.912  0.004
 259 R H   0.090  0.906  0.003
 260 M H   0.047  0.949  0.004
 261 A H   0.197  0.790  0.013
 262 R U   0.544  0.446  0.010
 263 D U   0.527  0.463  0.010
 264 P U   0.524  0.440  0.035
 265 Q U   0.835  0.106  0.059
 266 R U   0.833  0.152  0.015
 267 F U   0.896  0.068  0.036
 268 V U   0.821  0.132  0.047
